OBJECTID,VALUE,VALUE_11,VALUE_12,VALUE_21,VALUE_22,VALUE_23,VALUE_24,VALUE_31,VALUE_32,VALUE_33,VALUE_41,VALUE_42,VALUE_43,VALUE_46,VALUE_51,VALUE_52,VALUE_53,VALUE_61,VALUE_62,VALUE_63,VALUE_64,VALUE_65,VALUE_66
1,21,2000000.000000000000000,29000000.000000000000000,891000000.000000000000000,0.000000000000000,0.000000000000000,0.000000000000000,2000000.000000000000000,7000000.000000000000000,1000000.000000000000000,0.000000000000000,0.000000000000000,0.000000000000000,0.000000000000000,0.000000000000000,0.000000000000000,1000000.000000000000000,1000000.000000000000000,0.000000000000000,0.000000000000000,0.000000000000000,0.000000000000000,0.000000000000000
2,22,0.000000000000000,2000000.000000000000000,1000000.000000000000000,170000000.000000000000000,0.000000000000000,0.000000000000000,0.000000000000000,0.000000000000000,0.000000000000000,0.000000000000000,0.000000000000000,0.000000000000000,0.000000000000000,0.000000000000000,0.000000000000000,0.000000000000000,0.000000000000000,0.000000000000000,0.000000000000000,0.000000000000000,0.000000000000000,0.000000000000000
3,23,0.000000000000000,7000000.000000000000000,3000000.000000000000000,0.000000000000000,449000000.000000000000000,0.000000000000000,0.000000000000000,6000000.000000000000000,1000000.000000000000000,0.000000000000000,0.000000000000000,0.000000000000000,0.000000000000000,0.000000000000000,0.000000000000000,0.000000000000000,4000000.000000000000000,0.000000000000000,0.000000000000000,0.000000000000000,0.000000000000000,0.000000000000000
4,24,0.000000000000000,1000000.000000000000000,0.000000000000000,0.000000000000000,0.000000000000000,12000000.000000000000000,0.000000000000000,0.000000000000000,0.000000000000000,0.000000000000000,0.000000000000000,0.000000000000000,0.000000000000000,0.000000000000000,0.000000000000000,0.000000000000000,0.000000000000000,0.000000000000000,0.000000000000000,0.000000000000000,0.000000000000000,0.000000000000000
5,31,7000000.000000000000000,219000000.000000000000000,0.000000000000000,1000000.000000000000000,0.000000000000000,0.000000000000000,4729000000.000000000000000,64000000.000000000000000,8000000.000000000000000,0.000000000000000,0.000000000000000,0.000000000000000,0.000000000000000,1000000.000000000000000,1000000.000000000000000,10000000.000000000000000,78000000.000000000000000,0.000000000000000,19000000.000000000000000,6000000.000000000000000,0.000000000000000,0.000000000000000
6,32,10000000.000000000000000,146000000.000000000000000,2000000.000000000000000,4000000.000000000000000,0.000000000000000,0.000000000000000,22000000.000000000000000,6343000000.000000000000000,28000000.000000000000000,0.000000000000000,1000000.000000000000000,0.000000000000000,0.000000000000000,1000000.000000000000000,6000000.000000000000000,11000000.000000000000000,116000000.000000000000000,0.000000000000000,14000000.000000000000000,3000000.000000000000000,0.000000000000000,0.000000000000000
7,33,0.000000000000000,19000000.000000000000000,0.000000000000000,1000000.000000000000000,0.000000000000000,0.000000000000000,5000000.000000000000000,22000000.000000000000000,1051000000.000000000000000,0.000000000000000,1000000.000000000000000,0.000000000000000,0.000000000000000,0.000000000000000,1000000.000000000000000,1000000.000000000000000,15000000.000000000000000,0.000000000000000,7000000.000000000000000,2000000.000000000000000,0.000000000000000,0.000000000000000
8,41,0.000000000000000,14000000.000000000000000,0.000000000000000,0.000000000000000,0.000000000000000,0.000000000000000,0.000000000000000,0.000000000000000,0.000000000000000,174000000.000000000000000,0.000000000000000,0.000000000000000,0.000000000000000,0.000000000000000,0.000000000000000,0.000000000000000,0.000000000000000,0.000000000000000,0.000000000000000,0.000000000000000,0.000000000000000,0.000000000000000
9,42,3000000.000000000000000,14000000.000000000000000,0.000000000000000,0.000000000000000,0.000000000000000,0.000000000000000,0.000000000000000,0.000000000000000,0.000000000000000,0.000000000000000,334000000.000000000000000,0.000000000000000,0.000000000000000,0.000000000000000,0.000000000000000,1000000.000000000000000,3000000.000000000000000,0.000000000000000,11000000.000000000000000,6000000.000000000000000,0.000000000000000,0.000000000000000
10,43,2000000.000000000000000,25000000.000000000000000,0.000000000000000,0.000000000000000,0.000000000000000,0.000000000000000,0.000000000000000,1000000.000000000000000,0.000000000000000,0.000000000000000,0.000000000000000,115000000.000000000000000,0.000000000000000,0.000000000000000,0.000000000000000,0.000000000000000,5000000.000000000000000,0.000000000000000,0.000000000000000,20000000.000000000000000,0.000000000000000,0.000000000000000
11,46,2000000.000000000000000,20000000.000000000000000,0.000000000000000,2000000.000000000000000,0.000000000000000,0.000000000000000,0.000000000000000,0.000000000000000,0.000000000000000,0.000000000000000,0.000000000000000,0.000000000000000,201000000.000000000000000,0.000000000000000,0.000000000000000,0.000000000000000,0.000000000000000,0.000000000000000,1000000.000000000000000,1000000.000000000000000,0.000000000000000,0.000000000000000
12,51,1000000.000000000000000,0.000000000000000,0.000000000000000,0.000000000000000,0.000000000000000,0.000000000000000,0.000000000000000,0.000000000000000,0.000000000000000,0.000000000000000,0.000000000000000,0.000000000000000,0.000000000000000,87000000.000000000000000,0.000000000000000,0.000000000000000,0.000000000000000,0.000000000000000,0.000000000000000,0.000000000000000,0.000000000000000,0.000000000000000
13,52,0.000000000000000,11000000.000000000000000,0.000000000000000,0.000000000000000,0.000000000000000,0.000000000000000,0.000000000000000,2000000.000000000000000,0.000000000000000,0.000000000000000,0.000000000000000,0.000000000000000,0.000000000000000,0.000000000000000,910000000.000000000000000,2000000.000000000000000,0.000000000000000,0.000000000000000,0.000000000000000,0.000000000000000,0.000000000000000,0.000000000000000
14,53,0.000000000000000,0.000000000000000,0.000000000000000,0.000000000000000,0.000000000000000,0.000000000000000,0.000000000000000,0.000000000000000,0.000000000000000,0.000000000000000,0.000000000000000,0.000000000000000,0.000000000000000,0.000000000000000,0.000000000000000,4000000.000000000000000,0.000000000000000,0.000000000000000,0.000000000000000,0.000000000000000,0.000000000000000,0.000000000000000
15,61,2000000.000000000000000,10000000.000000000000000,0.000000000000000,0.000000000000000,0.000000000000000,0.000000000000000,13000000.000000000000000,28000000.000000000000000,12000000.000000000000000,0.000000000000000,0.000000000000000,0.000000000000000,0.000000000000000,1000000.000000000000000,0.000000000000000,5000000.000000000000000,2746000000.000000000000000,0.000000000000000,4000000.000000000000000,2000000.000000000000000,0.000000000000000,0.000000000000000
16,62,0.000000000000000,0.000000000000000,0.000000000000000,0.000000000000000,0.000000000000000,0.000000000000000,0.000000000000000,0.000000000000000,0.000000000000000,0.000000000000000,0.000000000000000,0.000000000000000,0.000000000000000,0.000000000000000,0.000000000000000,0.000000000000000,0.000000000000000,1000000.000000000000000,0.000000000000000,0.000000000000000,0.000000000000000,0.000000000000000
17,63,4000000.000000000000000,32000000.000000000000000,2000000.000000000000000,0.000000000000000,1000000.000000000000000,0.000000000000000,8000000.000000000000000,33000000.000000000000000,25000000.000000000000000,0.000000000000000,5000000.000000000000000,0.000000000000000,0.000000000000000,3000000.000000000000000,2000000.000000000000000,0.000000000000000,0.000000000000000,0.000000000000000,1490000000.000000000000000,4000000.000000000000000,0.000000000000000,0.000000000000000
18,64,46000000.000000000000000,41000000.000000000000000,0.000000000000000,0.000000000000000,0.000000000000000,0.000000000000000,3000000.000000000000000,4000000.000000000000000,1000000.000000000000000,0.000000000000000,0.000000000000000,0.000000000000000,0.000000000000000,1000000.000000000000000,0.000000000000000,0.000000000000000,0.000000000000000,0.000000000000000,4000000.000000000000000,870000000.000000000000000,0.000000000000000,0.000000000000000
19,65,0.000000000000000,0.000000000000000,0.000000000000000,0.000000000000000,0.000000000000000,0.000000000000000,0.000000000000000,0.000000000000000,0.000000000000000,0.000000000000000,0.000000000000000,0.000000000000000,0.000000000000000,0.000000000000000,0.000000000000000,0.000000000000000,0.000000000000000,0.000000000000000,0.000000000000000,0.000000000000000,1000000.000000000000000,0.000000000000000
20,66,0.000000000000000,0.000000000000000,0.000000000000000,0.000000000000000,0.000000000000000,0.000000000000000,0.000000000000000,0.000000000000000,0.000000000000000,0.000000000000000,0.000000000000000,0.000000000000000,0.000000000000000,0.000000000000000,0.000000000000000,0.000000000000000,0.000000000000000,0.000000000000000,0.000000000000000,0.000000000000000,0.000000000000000,23000000.000000000000000
21,113,159000000.000000000000000,23000000.000000000000000,0.000000000000000,0.000000000000000,0.000000000000000,0.000000000000000,0.000000000000000,0.000000000000000,0.000000000000000,0.000000000000000,0.000000000000000,0.000000000000000,0.000000000000000,0.000000000000000,0.000000000000000,0.000000000000000,0.000000000000000,0.000000000000000,0.000000000000000,1000000.000000000000000,0.000000000000000,0.000000000000000
22,122,0.000000000000000,338000000.000000000000000,0.000000000000000,0.000000000000000,0.000000000000000,0.000000000000000,2000000.000000000000000,0.000000000000000,0.000000000000000,0.000000000000000,0.000000000000000,0.000000000000000,0.000000000000000,0.000000000000000,0.000000000000000,0.000000000000000,0.000000000000000,0.000000000000000,0.000000000000000,0.000000000000000,0.000000000000000,0.000000000000000
23,123,23000000.000000000000000,12361000000.000000000000000,15000000.000000000000000,3000000.000000000000000,0.000000000000000,0.000000000000000,42000000.000000000000000,81000000.000000000000000,22000000.000000000000000,0.000000000000000,0.000000000000000,0.000000000000000,0.000000000000000,20000000.000000000000000,9000000.000000000000000,9000000.000000000000000,13000000.000000000000000,0.000000000000000,5000000.000000000000000,2000000.000000000000000,0.000000000000000,0.000000000000000