OBJECTID,VALUE,VALUE_21,VALUE_22,VALUE_23,VALUE_24,VALUE_31,VALUE_32,VALUE_33,VALUE_41,VALUE_42,VALUE_43,VALUE_46,VALUE_51,VALUE_52,VALUE_53,VALUE_61,VALUE_62,VALUE_63,VALUE_64,VALUE_65,VALUE_66,VALUE_121,VALUE_122,VALUE_123
1,12,9000000.000000000000000,0.000000000000000,0.000000000000000,1000000.000000000000000,48000000.000000000000000,91000000.000000000000000,59000000.000000000000000,0.000000000000000,1000000.000000000000000,0.000000000000000,1000000.000000000000000,11000000.000000000000000,11000000.000000000000000,0.000000000000000,0.000000000000000,0.000000000000000,10000000.000000000000000,2000000.000000000000000,0.000000000000000,0.000000000000000,403000000.000000000000000,1513000000.000000000000000,11365000000.000000000000000
2,21,605000000.000000000000000,1000000.000000000000000,0.000000000000000,0.000000000000000,0.000000000000000,6000000.000000000000000,1000000.000000000000000,0.000000000000000,0.000000000000000,0.000000000000000,0.000000000000000,0.000000000000000,0.000000000000000,0.000000000000000,0.000000000000000,0.000000000000000,0.000000000000000,0.000000000000000,0.000000000000000,0.000000000000000,0.000000000000000,2000000.000000000000000,11000000.000000000000000
3,22,3000000.000000000000000,245000000.000000000000000,0.000000000000000,0.000000000000000,8000000.000000000000000,7000000.000000000000000,0.000000000000000,0.000000000000000,0.000000000000000,0.000000000000000,0.000000000000000,0.000000000000000,0.000000000000000,0.000000000000000,0.000000000000000,0.000000000000000,0.000000000000000,0.000000000000000,0.000000000000000,0.000000000000000,0.000000000000000,0.000000000000000,0.000000000000000
4,23,4000000.000000000000000,0.000000000000000,56000000.000000000000000,0.000000000000000,2000000.000000000000000,6000000.000000000000000,1000000.000000000000000,0.000000000000000,0.000000000000000,0.000000000000000,0.000000000000000,0.000000000000000,0.000000000000000,0.000000000000000,0.000000000000000,0.000000000000000,0.000000000000000,0.000000000000000,0.000000000000000,0.000000000000000,0.000000000000000,0.000000000000000,1000000.000000000000000
5,24,0.000000000000000,0.000000000000000,0.000000000000000,56000000.000000000000000,0.000000000000000,0.000000000000000,0.000000000000000,0.000000000000000,0.000000000000000,0.000000000000000,0.000000000000000,0.000000000000000,0.000000000000000,0.000000000000000,0.000000000000000,0.000000000000000,0.000000000000000,0.000000000000000,0.000000000000000,0.000000000000000,0.000000000000000,0.000000000000000,0.000000000000000
6,31,9000000.000000000000000,0.000000000000000,0.000000000000000,0.000000000000000,16716000000.000000000000000,737000000.000000000000000,199000000.000000000000000,0.000000000000000,3000000.000000000000000,0.000000000000000,4000000.000000000000000,12000000.000000000000000,4000000.000000000000000,0.000000000000000,16000000.000000000000000,0.000000000000000,40000000.000000000000000,5000000.000000000000000,6000000.000000000000000,16000000.000000000000000,3000000.000000000000000,19000000.000000000000000,69000000.000000000000000
7,32,22000000.000000000000000,0.000000000000000,1000000.000000000000000,0.000000000000000,488000000.000000000000000,25150000000.000000000000000,122000000.000000000000000,0.000000000000000,4000000.000000000000000,0.000000000000000,4000000.000000000000000,0.000000000000000,19000000.000000000000000,0.000000000000000,43000000.000000000000000,0.000000000000000,24000000.000000000000000,2000000.000000000000000,0.000000000000000,24000000.000000000000000,0.000000000000000,3000000.000000000000000,1022000000.000000000000000
8,33,1000000.000000000000000,1000000.000000000000000,0.000000000000000,0.000000000000000,33000000.000000000000000,190000000.000000000000000,16260000000.000000000000000,0.000000000000000,2000000.000000000000000,0.000000000000000,15000000.000000000000000,1000000.000000000000000,1000000.000000000000000,0.000000000000000,123000000.000000000000000,0.000000000000000,29000000.000000000000000,1000000.000000000000000,0.000000000000000,61000000.000000000000000,0.000000000000000,0.000000000000000,29000000.000000000000000
9,41,0.000000000000000,0.000000000000000,0.000000000000000,0.000000000000000,1000000.000000000000000,1000000.000000000000000,1000000.000000000000000,40000000.000000000000000,0.000000000000000,0.000000000000000,10000000.000000000000000,0.000000000000000,0.000000000000000,0.000000000000000,0.000000000000000,0.000000000000000,0.000000000000000,3000000.000000000000000,0.000000000000000,0.000000000000000,0.000000000000000,0.000000000000000,0.000000000000000
10,42,0.000000000000000,0.000000000000000,0.000000000000000,0.000000000000000,6000000.000000000000000,24000000.000000000000000,6000000.000000000000000,0.000000000000000,280000000.000000000000000,0.000000000000000,19000000.000000000000000,0.000000000000000,0.000000000000000,0.000000000000000,2000000.000000000000000,0.000000000000000,93000000.000000000000000,8000000.000000000000000,0.000000000000000,2000000.000000000000000,0.000000000000000,1000000.000000000000000,19000000.000000000000000
11,43,0.000000000000000,0.000000000000000,0.000000000000000,0.000000000000000,0.000000000000000,0.000000000000000,0.000000000000000,0.000000000000000,0.000000000000000,3000000.000000000000000,0.000000000000000,0.000000000000000,0.000000000000000,0.000000000000000,0.000000000000000,0.000000000000000,0.000000000000000,0.000000000000000,0.000000000000000,0.000000000000000,0.000000000000000,0.000000000000000,1000000.000000000000000
12,46,1000000.000000000000000,0.000000000000000,0.000000000000000,0.000000000000000,1000000.000000000000000,3000000.000000000000000,1000000.000000000000000,13000000.000000000000000,22000000.000000000000000,0.000000000000000,1025000000.000000000000000,0.000000000000000,1000000.000000000000000,0.000000000000000,0.000000000000000,0.000000000000000,6000000.000000000000000,4000000.000000000000000,0.000000000000000,0.000000000000000,0.000000000000000,0.000000000000000,0.000000000000000
13,51,0.000000000000000,0.000000000000000,0.000000000000000,0.000000000000000,0.000000000000000,0.000000000000000,0.000000000000000,0.000000000000000,0.000000000000000,0.000000000000000,0.000000000000000,63000000.000000000000000,0.000000000000000,0.000000000000000,0.000000000000000,0.000000000000000,0.000000000000000,0.000000000000000,0.000000000000000,0.000000000000000,0.000000000000000,0.000000000000000,0.000000000000000
14,52,0.000000000000000,0.000000000000000,0.000000000000000,0.000000000000000,0.000000000000000,0.000000000000000,0.000000000000000,0.000000000000000,0.000000000000000,0.000000000000000,0.000000000000000,0.000000000000000,1387000000.000000000000000,0.000000000000000,0.000000000000000,0.000000000000000,0.000000000000000,0.000000000000000,0.000000000000000,0.000000000000000,0.000000000000000,0.000000000000000,2000000.000000000000000
15,53,0.000000000000000,0.000000000000000,0.000000000000000,0.000000000000000,0.000000000000000,0.000000000000000,0.000000000000000,0.000000000000000,0.000000000000000,0.000000000000000,0.000000000000000,0.000000000000000,0.000000000000000,3000000.000000000000000,0.000000000000000,0.000000000000000,0.000000000000000,0.000000000000000,0.000000000000000,0.000000000000000,0.000000000000000,0.000000000000000,0.000000000000000
16,61,0.000000000000000,0.000000000000000,0.000000000000000,0.000000000000000,0.000000000000000,94000000.000000000000000,70000000.000000000000000,0.000000000000000,0.000000000000000,0.000000000000000,5000000.000000000000000,0.000000000000000,1000000.000000000000000,0.000000000000000,4392000000.000000000000000,0.000000000000000,11000000.000000000000000,0.000000000000000,0.000000000000000,4000000.000000000000000,0.000000000000000,0.000000000000000,4000000.000000000000000
17,62,0.000000000000000,0.000000000000000,0.000000000000000,0.000000000000000,0.000000000000000,0.000000000000000,0.000000000000000,0.000000000000000,0.000000000000000,0.000000000000000,0.000000000000000,0.000000000000000,0.000000000000000,0.000000000000000,0.000000000000000,5777000000.000000000000000,0.000000000000000,0.000000000000000,0.000000000000000,0.000000000000000,0.000000000000000,0.000000000000000,0.000000000000000
18,63,1000000.000000000000000,0.000000000000000,0.000000000000000,0.000000000000000,5000000.000000000000000,29000000.000000000000000,28000000.000000000000000,0.000000000000000,12000000.000000000000000,0.000000000000000,0.000000000000000,0.000000000000000,0.000000000000000,0.000000000000000,1000000.000000000000000,0.000000000000000,2042000000.000000000000000,7000000.000000000000000,0.000000000000000,0.000000000000000,0.000000000000000,0.000000000000000,11000000.000000000000000
19,64,0.000000000000000,0.000000000000000,0.000000000000000,0.000000000000000,7000000.000000000000000,12000000.000000000000000,5000000.000000000000000,0.000000000000000,11000000.000000000000000,1000000.000000000000000,14000000.000000000000000,0.000000000000000,0.000000000000000,0.000000000000000,1000000.000000000000000,0.000000000000000,14000000.000000000000000,653000000.000000000000000,0.000000000000000,0.000000000000000,0.000000000000000,0.000000000000000,5000000.000000000000000
20,65,0.000000000000000,0.000000000000000,0.000000000000000,0.000000000000000,0.000000000000000,0.000000000000000,0.000000000000000,0.000000000000000,0.000000000000000,0.000000000000000,0.000000000000000,0.000000000000000,0.000000000000000,0.000000000000000,0.000000000000000,0.000000000000000,0.000000000000000,0.000000000000000,163000000.000000000000000,0.000000000000000,0.000000000000000,0.000000000000000,0.000000000000000
21,66,0.000000000000000,0.000000000000000,0.000000000000000,0.000000000000000,0.000000000000000,0.000000000000000,0.000000000000000,0.000000000000000,0.000000000000000,0.000000000000000,0.000000000000000,0.000000000000000,0.000000000000000,0.000000000000000,0.000000000000000,0.000000000000000,0.000000000000000,0.000000000000000,0.000000000000000,6248000000.000000000000000,0.000000000000000,0.000000000000000,0.000000000000000