OBJECTID,VALUE,VALUE_21,VALUE_22,VALUE_23,VALUE_31,VALUE_32,VALUE_33,VALUE_42,VALUE_46,VALUE_52,VALUE_53,VALUE_61,VALUE_62,VALUE_63,VALUE_64,VALUE_65,VALUE_66,VALUE_123
1,12,0.000000000000000,0.000000000000000,0.000000000000000,0.000000000000000,0.000000000000000,0.000000000000000,0.000000000000000,0.000000000000000,0.000000000000000,3000000.000000000000000,0.000000000000000,1000000.000000000000000,0.000000000000000,0.000000000000000,0.000000000000000,1000000.000000000000000,223000000.000000000000000
2,21,13000000.000000000000000,0.000000000000000,0.000000000000000,0.000000000000000,0.000000000000000,0.000000000000000,0.000000000000000,0.000000000000000,0.000000000000000,0.000000000000000,0.000000000000000,0.000000000000000,0.000000000000000,0.000000000000000,0.000000000000000,0.000000000000000,0.000000000000000
3,22,0.000000000000000,373000000.000000000000000,0.000000000000000,3000000.000000000000000,1000000.000000000000000,3000000.000000000000000,0.000000000000000,0.000000000000000,0.000000000000000,0.000000000000000,0.000000000000000,0.000000000000000,0.000000000000000,0.000000000000000,0.000000000000000,28000000.000000000000000,0.000000000000000
4,23,0.000000000000000,0.000000000000000,6000000.000000000000000,0.000000000000000,3000000.000000000000000,0.000000000000000,0.000000000000000,0.000000000000000,0.000000000000000,0.000000000000000,0.000000000000000,0.000000000000000,0.000000000000000,0.000000000000000,0.000000000000000,1000000.000000000000000,0.000000000000000
5,31,0.000000000000000,5000000.000000000000000,0.000000000000000,369000000.000000000000000,0.000000000000000,0.000000000000000,0.000000000000000,0.000000000000000,0.000000000000000,0.000000000000000,0.000000000000000,70000000.000000000000000,1000000.000000000000000,0.000000000000000,0.000000000000000,35000000.000000000000000,0.000000000000000
6,32,0.000000000000000,1000000.000000000000000,0.000000000000000,4000000.000000000000000,1026000000.000000000000000,1000000.000000000000000,0.000000000000000,0.000000000000000,0.000000000000000,3000000.000000000000000,6000000.000000000000000,0.000000000000000,6000000.000000000000000,1000000.000000000000000,0.000000000000000,5000000.000000000000000,0.000000000000000
7,33,0.000000000000000,2000000.000000000000000,3000000.000000000000000,25000000.000000000000000,7000000.000000000000000,11088000000.000000000000000,0.000000000000000,0.000000000000000,1000000.000000000000000,4000000.000000000000000,345000000.000000000000000,1015000000.000000000000000,94000000.000000000000000,2000000.000000000000000,1000000.000000000000000,27000000.000000000000000,50000000.000000000000000
8,42,0.000000000000000,3000000.000000000000000,0.000000000000000,0.000000000000000,1000000.000000000000000,5000000.000000000000000,75000000.000000000000000,0.000000000000000,0.000000000000000,4000000.000000000000000,11000000.000000000000000,7000000.000000000000000,31000000.000000000000000,4000000.000000000000000,0.000000000000000,11000000.000000000000000,0.000000000000000
9,43,0.000000000000000,0.000000000000000,0.000000000000000,0.000000000000000,0.000000000000000,0.000000000000000,0.000000000000000,0.000000000000000,0.000000000000000,0.000000000000000,0.000000000000000,0.000000000000000,10000000.000000000000000,0.000000000000000,0.000000000000000,0.000000000000000,0.000000000000000
10,46,0.000000000000000,1000000.000000000000000,0.000000000000000,0.000000000000000,0.000000000000000,32000000.000000000000000,0.000000000000000,43000000.000000000000000,0.000000000000000,0.000000000000000,0.000000000000000,0.000000000000000,0.000000000000000,0.000000000000000,0.000000000000000,0.000000000000000,0.000000000000000
11,52,0.000000000000000,0.000000000000000,0.000000000000000,0.000000000000000,0.000000000000000,0.000000000000000,0.000000000000000,0.000000000000000,21000000.000000000000000,0.000000000000000,0.000000000000000,0.000000000000000,0.000000000000000,0.000000000000000,0.000000000000000,0.000000000000000,0.000000000000000
12,53,0.000000000000000,0.000000000000000,0.000000000000000,0.000000000000000,0.000000000000000,0.000000000000000,0.000000000000000,0.000000000000000,0.000000000000000,39000000.000000000000000,0.000000000000000,0.000000000000000,0.000000000000000,0.000000000000000,0.000000000000000,0.000000000000000,0.000000000000000
13,61,0.000000000000000,0.000000000000000,0.000000000000000,0.000000000000000,0.000000000000000,2000000.000000000000000,0.000000000000000,0.000000000000000,0.000000000000000,0.000000000000000,84293000000.000000000000000,17000000.000000000000000,0.000000000000000,0.000000000000000,0.000000000000000,0.000000000000000,0.000000000000000
14,62,0.000000000000000,0.000000000000000,0.000000000000000,0.000000000000000,0.000000000000000,0.000000000000000,0.000000000000000,0.000000000000000,0.000000000000000,0.000000000000000,0.000000000000000,26279000000.000000000000000,0.000000000000000,0.000000000000000,0.000000000000000,0.000000000000000,0.000000000000000
15,63,0.000000000000000,0.000000000000000,0.000000000000000,6000000.000000000000000,48000000.000000000000000,13000000.000000000000000,0.000000000000000,12000000.000000000000000,0.000000000000000,0.000000000000000,64000000.000000000000000,164000000.000000000000000,3569000000.000000000000000,22000000.000000000000000,0.000000000000000,0.000000000000000,5000000.000000000000000
16,64,0.000000000000000,0.000000000000000,0.000000000000000,0.000000000000000,4000000.000000000000000,1000000.000000000000000,0.000000000000000,0.000000000000000,0.000000000000000,0.000000000000000,19000000.000000000000000,6000000.000000000000000,3000000.000000000000000,872000000.000000000000000,0.000000000000000,15000000.000000000000000,0.000000000000000
17,65,0.000000000000000,0.000000000000000,0.000000000000000,0.000000000000000,0.000000000000000,0.000000000000000,0.000000000000000,0.000000000000000,0.000000000000000,0.000000000000000,0.000000000000000,0.000000000000000,0.000000000000000,0.000000000000000,3783000000.000000000000000,0.000000000000000,0.000000000000000
18,66,0.000000000000000,0.000000000000000,0.000000000000000,0.000000000000000,0.000000000000000,0.000000000000000,0.000000000000000,0.000000000000000,0.000000000000000,0.000000000000000,71000000.000000000000000,14000000.000000000000000,1000000.000000000000000,0.000000000000000,0.000000000000000,17664000000.000000000000000,0.000000000000000