OBJECTID,VALUE,VALUE_11,VALUE_12,VALUE_21,VALUE_22,VALUE_23,VALUE_24,VALUE_31,VALUE_32,VALUE_33,VALUE_41,VALUE_42,VALUE_43,VALUE_46,VALUE_51,VALUE_52,VALUE_53,VALUE_61,VALUE_63,VALUE_64,VALUE_65,VALUE_66
1,21,0.000000000000000,0.000000000000000,375000000.000000000000000,0.000000000000000,0.000000000000000,1000000.000000000000000,0.000000000000000,3000000.000000000000000,0.000000000000000,0.000000000000000,0.000000000000000,0.000000000000000,1000000.000000000000000,0.000000000000000,0.000000000000000,1000000.000000000000000,2000000.000000000000000,0.000000000000000,0.000000000000000,0.000000000000000,0.000000000000000
2,22,0.000000000000000,5000000.000000000000000,2000000.000000000000000,3666000000.000000000000000,3000000.000000000000000,14000000.000000000000000,13000000.000000000000000,3000000.000000000000000,1000000.000000000000000,0.000000000000000,0.000000000000000,0.000000000000000,0.000000000000000,0.000000000000000,0.000000000000000,1000000.000000000000000,0.000000000000000,0.000000000000000,0.000000000000000,5000000.000000000000000,0.000000000000000
3,23,0.000000000000000,13000000.000000000000000,0.000000000000000,2000000.000000000000000,987000000.000000000000000,5000000.000000000000000,0.000000000000000,0.000000000000000,0.000000000000000,0.000000000000000,0.000000000000000,0.000000000000000,0.000000000000000,1000000.000000000000000,0.000000000000000,1000000.000000000000000,0.000000000000000,0.000000000000000,0.000000000000000,2000000.000000000000000,0.000000000000000
4,24,0.000000000000000,0.000000000000000,0.000000000000000,0.000000000000000,0.000000000000000,154000000.000000000000000,0.000000000000000,0.000000000000000,0.000000000000000,0.000000000000000,0.000000000000000,0.000000000000000,0.000000000000000,0.000000000000000,1000000.000000000000000,1000000.000000000000000,0.000000000000000,0.000000000000000,0.000000000000000,0.000000000000000,0.000000000000000
5,31,0.000000000000000,0.000000000000000,5000000.000000000000000,15000000.000000000000000,5000000.000000000000000,0.000000000000000,1089000000.000000000000000,5000000.000000000000000,11000000.000000000000000,0.000000000000000,0.000000000000000,0.000000000000000,1000000.000000000000000,3000000.000000000000000,0.000000000000000,1000000.000000000000000,11000000.000000000000000,1000000.000000000000000,0.000000000000000,0.000000000000000,0.000000000000000
6,32,0.000000000000000,31000000.000000000000000,23000000.000000000000000,94000000.000000000000000,27000000.000000000000000,99000000.000000000000000,7000000.000000000000000,8836000000.000000000000000,29000000.000000000000000,1000000.000000000000000,1000000.000000000000000,4000000.000000000000000,2000000.000000000000000,3000000.000000000000000,4000000.000000000000000,14000000.000000000000000,139000000.000000000000000,13000000.000000000000000,1000000.000000000000000,10000000.000000000000000,0.000000000000000
7,33,0.000000000000000,98000000.000000000000000,6000000.000000000000000,31000000.000000000000000,12000000.000000000000000,82000000.000000000000000,60000000.000000000000000,65000000.000000000000000,9733000000.000000000000000,0.000000000000000,0.000000000000000,1000000.000000000000000,1000000.000000000000000,2000000.000000000000000,6000000.000000000000000,59000000.000000000000000,119000000.000000000000000,22000000.000000000000000,2000000.000000000000000,24000000.000000000000000,0.000000000000000
8,41,3000000.000000000000000,0.000000000000000,0.000000000000000,0.000000000000000,0.000000000000000,0.000000000000000,0.000000000000000,1000000.000000000000000,1000000.000000000000000,160000000.000000000000000,0.000000000000000,1000000.000000000000000,1000000.000000000000000,0.000000000000000,1000000.000000000000000,0.000000000000000,0.000000000000000,0.000000000000000,0.000000000000000,0.000000000000000,0.000000000000000
9,42,0.000000000000000,0.000000000000000,0.000000000000000,0.000000000000000,0.000000000000000,0.000000000000000,0.000000000000000,0.000000000000000,0.000000000000000,0.000000000000000,6000000.000000000000000,0.000000000000000,3000000.000000000000000,0.000000000000000,0.000000000000000,0.000000000000000,1000000.000000000000000,0.000000000000000,0.000000000000000,0.000000000000000,0.000000000000000
10,43,0.000000000000000,1000000.000000000000000,0.000000000000000,0.000000000000000,1000000.000000000000000,0.000000000000000,0.000000000000000,1000000.000000000000000,0.000000000000000,0.000000000000000,0.000000000000000,63000000.000000000000000,4000000.000000000000000,1000000.000000000000000,0.000000000000000,0.000000000000000,0.000000000000000,0.000000000000000,0.000000000000000,0.000000000000000,0.000000000000000
11,46,1000000.000000000000000,5000000.000000000000000,0.000000000000000,0.000000000000000,0.000000000000000,0.000000000000000,0.000000000000000,0.000000000000000,0.000000000000000,0.000000000000000,0.000000000000000,5000000.000000000000000,58000000.000000000000000,0.000000000000000,0.000000000000000,0.000000000000000,0.000000000000000,0.000000000000000,0.000000000000000,0.000000000000000,0.000000000000000
12,51,0.000000000000000,0.000000000000000,0.000000000000000,0.000000000000000,0.000000000000000,0.000000000000000,0.000000000000000,0.000000000000000,0.000000000000000,0.000000000000000,0.000000000000000,0.000000000000000,0.000000000000000,27000000.000000000000000,0.000000000000000,0.000000000000000,0.000000000000000,0.000000000000000,0.000000000000000,0.000000000000000,0.000000000000000
13,52,0.000000000000000,1000000.000000000000000,0.000000000000000,0.000000000000000,0.000000000000000,0.000000000000000,0.000000000000000,3000000.000000000000000,0.000000000000000,0.000000000000000,0.000000000000000,0.000000000000000,0.000000000000000,0.000000000000000,103000000.000000000000000,0.000000000000000,1000000.000000000000000,0.000000000000000,0.000000000000000,0.000000000000000,0.000000000000000
14,53,0.000000000000000,0.000000000000000,0.000000000000000,0.000000000000000,0.000000000000000,0.000000000000000,0.000000000000000,0.000000000000000,0.000000000000000,0.000000000000000,0.000000000000000,0.000000000000000,0.000000000000000,0.000000000000000,0.000000000000000,14000000.000000000000000,0.000000000000000,0.000000000000000,0.000000000000000,0.000000000000000,0.000000000000000
15,61,1000000.000000000000000,82000000.000000000000000,1000000.000000000000000,3000000.000000000000000,1000000.000000000000000,3000000.000000000000000,2000000.000000000000000,12000000.000000000000000,44000000.000000000000000,0.000000000000000,0.000000000000000,2000000.000000000000000,1000000.000000000000000,0.000000000000000,0.000000000000000,61000000.000000000000000,5330000000.000000000000000,5000000.000000000000000,0.000000000000000,7000000.000000000000000,0.000000000000000
16,63,0.000000000000000,0.000000000000000,5000000.000000000000000,0.000000000000000,0.000000000000000,0.000000000000000,1000000.000000000000000,21000000.000000000000000,1000000.000000000000000,0.000000000000000,0.000000000000000,1000000.000000000000000,0.000000000000000,1000000.000000000000000,0.000000000000000,1000000.000000000000000,0.000000000000000,271000000.000000000000000,1000000.000000000000000,0.000000000000000,0.000000000000000
17,64,0.000000000000000,0.000000000000000,0.000000000000000,0.000000000000000,0.000000000000000,0.000000000000000,0.000000000000000,0.000000000000000,0.000000000000000,0.000000000000000,0.000000000000000,0.000000000000000,0.000000000000000,0.000000000000000,0.000000000000000,0.000000000000000,0.000000000000000,2000000.000000000000000,121000000.000000000000000,0.000000000000000,0.000000000000000
18,65,0.000000000000000,0.000000000000000,0.000000000000000,0.000000000000000,0.000000000000000,0.000000000000000,0.000000000000000,1000000.000000000000000,1000000.000000000000000,0.000000000000000,0.000000000000000,0.000000000000000,0.000000000000000,0.000000000000000,0.000000000000000,0.000000000000000,0.000000000000000,0.000000000000000,0.000000000000000,58000000.000000000000000,0.000000000000000
19,66,0.000000000000000,0.000000000000000,0.000000000000000,0.000000000000000,0.000000000000000,0.000000000000000,0.000000000000000,0.000000000000000,0.000000000000000,0.000000000000000,0.000000000000000,0.000000000000000,0.000000000000000,0.000000000000000,0.000000000000000,0.000000000000000,0.000000000000000,0.000000000000000,0.000000000000000,0.000000000000000,42000000.000000000000000
20,113,179000000.000000000000000,3000000.000000000000000,0.000000000000000,0.000000000000000,0.000000000000000,1000000.000000000000000,0.000000000000000,0.000000000000000,0.000000000000000,0.000000000000000,0.000000000000000,5000000.000000000000000,1000000.000000000000000,1000000.000000000000000,2000000.000000000000000,0.000000000000000,0.000000000000000,0.000000000000000,0.000000000000000,0.000000000000000,0.000000000000000
21,121,0.000000000000000,5000000.000000000000000,0.000000000000000,0.000000000000000,0.000000000000000,0.000000000000000,2000000.000000000000000,0.000000000000000,0.000000000000000,0.000000000000000,0.000000000000000,0.000000000000000,0.000000000000000,0.000000000000000,0.000000000000000,0.000000000000000,0.000000000000000,0.000000000000000,0.000000000000000,0.000000000000000,0.000000000000000
22,122,0.000000000000000,12840000000.000000000000000,0.000000000000000,21000000.000000000000000,9000000.000000000000000,420000000.000000000000000,136000000.000000000000000,21000000.000000000000000,1000000.000000000000000,0.000000000000000,0.000000000000000,1000000.000000000000000,3000000.000000000000000,1000000.000000000000000,6000000.000000000000000,9000000.000000000000000,0.000000000000000,0.000000000000000,0.000000000000000,21000000.000000000000000,0.000000000000000
23,123,0.000000000000000,1986000000.000000000000000,3000000.000000000000000,2000000.000000000000000,1000000.000000000000000,8000000.000000000000000,2000000.000000000000000,5000000.000000000000000,4000000.000000000000000,0.000000000000000,0.000000000000000,4000000.000000000000000,1000000.000000000000000,3000000.000000000000000,14000000.000000000000000,11000000.000000000000000,1000000.000000000000000,0.000000000000000,1000000.000000000000000,0.000000000000000,0.000000000000000