OBJECTID,VALUE,VALUE_11,VALUE_12,VALUE_21,VALUE_22,VALUE_23,VALUE_24,VALUE_31,VALUE_32,VALUE_33,VALUE_41,VALUE_42,VALUE_43,VALUE_44,VALUE_46,VALUE_51,VALUE_52,VALUE_53,VALUE_61,VALUE_62,VALUE_63,VALUE_64,VALUE_65,VALUE_66,VALUE_67
1,21,0.000000000000000,5000000.000000000000000,1452000000.000000000000000,0.000000000000000,0.000000000000000,0.000000000000000,0.000000000000000,0.000000000000000,0.000000000000000,0.000000000000000,1000000.000000000000000,5000000.000000000000000,0.000000000000000,0.000000000000000,0.000000000000000,0.000000000000000,0.000000000000000,0.000000000000000,0.000000000000000,0.000000000000000,0.000000000000000,0.000000000000000,0.000000000000000,0.000000000000000
2,22,0.000000000000000,33000000.000000000000000,0.000000000000000,811000000.000000000000000,0.000000000000000,0.000000000000000,3000000.000000000000000,0.000000000000000,0.000000000000000,0.000000000000000,0.000000000000000,0.000000000000000,0.000000000000000,0.000000000000000,0.000000000000000,0.000000000000000,2000000.000000000000000,0.000000000000000,0.000000000000000,0.000000000000000,0.000000000000000,0.000000000000000,0.000000000000000,0.000000000000000
3,23,0.000000000000000,0.000000000000000,0.000000000000000,0.000000000000000,82000000.000000000000000,0.000000000000000,0.000000000000000,0.000000000000000,0.000000000000000,0.000000000000000,0.000000000000000,0.000000000000000,0.000000000000000,0.000000000000000,0.000000000000000,0.000000000000000,0.000000000000000,0.000000000000000,0.000000000000000,0.000000000000000,0.000000000000000,0.000000000000000,0.000000000000000,0.000000000000000
4,24,0.000000000000000,1000000.000000000000000,0.000000000000000,0.000000000000000,0.000000000000000,3000000.000000000000000,0.000000000000000,0.000000000000000,0.000000000000000,0.000000000000000,0.000000000000000,0.000000000000000,0.000000000000000,0.000000000000000,0.000000000000000,0.000000000000000,0.000000000000000,0.000000000000000,0.000000000000000,0.000000000000000,0.000000000000000,0.000000000000000,0.000000000000000,0.000000000000000
5,31,0.000000000000000,99000000.000000000000000,0.000000000000000,0.000000000000000,0.000000000000000,0.000000000000000,4549000000.000000000000000,2000000.000000000000000,1000000.000000000000000,0.000000000000000,0.000000000000000,1000000.000000000000000,0.000000000000000,0.000000000000000,0.000000000000000,1000000.000000000000000,1000000.000000000000000,0.000000000000000,0.000000000000000,4000000.000000000000000,0.000000000000000,0.000000000000000,0.000000000000000,0.000000000000000
6,32,2000000.000000000000000,186000000.000000000000000,1000000.000000000000000,0.000000000000000,0.000000000000000,0.000000000000000,5000000.000000000000000,9861000000.000000000000000,1000000.000000000000000,0.000000000000000,1000000.000000000000000,0.000000000000000,0.000000000000000,0.000000000000000,0.000000000000000,3000000.000000000000000,2000000.000000000000000,0.000000000000000,0.000000000000000,1000000.000000000000000,2000000.000000000000000,0.000000000000000,0.000000000000000,0.000000000000000
7,33,1000000.000000000000000,841000000.000000000000000,6000000.000000000000000,0.000000000000000,0.000000000000000,0.000000000000000,2000000.000000000000000,6000000.000000000000000,8771000000.000000000000000,0.000000000000000,3000000.000000000000000,3000000.000000000000000,0.000000000000000,0.000000000000000,17000000.000000000000000,3000000.000000000000000,44000000.000000000000000,0.000000000000000,0.000000000000000,8000000.000000000000000,1000000.000000000000000,0.000000000000000,0.000000000000000,0.000000000000000
8,41,0.000000000000000,0.000000000000000,0.000000000000000,0.000000000000000,0.000000000000000,0.000000000000000,0.000000000000000,0.000000000000000,1000000.000000000000000,6000000.000000000000000,0.000000000000000,0.000000000000000,0.000000000000000,0.000000000000000,0.000000000000000,0.000000000000000,0.000000000000000,0.000000000000000,0.000000000000000,0.000000000000000,0.000000000000000,0.000000000000000,0.000000000000000,0.000000000000000
9,42,0.000000000000000,0.000000000000000,0.000000000000000,0.000000000000000,0.000000000000000,0.000000000000000,0.000000000000000,0.000000000000000,0.000000000000000,0.000000000000000,981000000.000000000000000,0.000000000000000,0.000000000000000,0.000000000000000,0.000000000000000,0.000000000000000,0.000000000000000,0.000000000000000,0.000000000000000,0.000000000000000,0.000000000000000,0.000000000000000,0.000000000000000,0.000000000000000
10,43,0.000000000000000,2000000.000000000000000,0.000000000000000,0.000000000000000,0.000000000000000,0.000000000000000,1000000.000000000000000,1000000.000000000000000,0.000000000000000,0.000000000000000,0.000000000000000,60000000.000000000000000,0.000000000000000,0.000000000000000,0.000000000000000,0.000000000000000,1000000.000000000000000,0.000000000000000,0.000000000000000,0.000000000000000,2000000.000000000000000,0.000000000000000,0.000000000000000,0.000000000000000
11,44,0.000000000000000,0.000000000000000,0.000000000000000,0.000000000000000,0.000000000000000,0.000000000000000,0.000000000000000,0.000000000000000,0.000000000000000,0.000000000000000,0.000000000000000,0.000000000000000,940000000.000000000000000,0.000000000000000,0.000000000000000,0.000000000000000,0.000000000000000,0.000000000000000,0.000000000000000,0.000000000000000,0.000000000000000,0.000000000000000,0.000000000000000,0.000000000000000
12,46,0.000000000000000,5000000.000000000000000,0.000000000000000,0.000000000000000,0.000000000000000,0.000000000000000,3000000.000000000000000,1000000.000000000000000,0.000000000000000,0.000000000000000,27000000.000000000000000,1000000.000000000000000,0.000000000000000,277000000.000000000000000,0.000000000000000,0.000000000000000,2000000.000000000000000,0.000000000000000,0.000000000000000,0.000000000000000,0.000000000000000,0.000000000000000,0.000000000000000,0.000000000000000
13,51,0.000000000000000,0.000000000000000,0.000000000000000,0.000000000000000,0.000000000000000,0.000000000000000,0.000000000000000,0.000000000000000,0.000000000000000,0.000000000000000,0.000000000000000,0.000000000000000,0.000000000000000,0.000000000000000,81000000.000000000000000,0.000000000000000,0.000000000000000,0.000000000000000,0.000000000000000,0.000000000000000,0.000000000000000,0.000000000000000,0.000000000000000,0.000000000000000
14,52,0.000000000000000,1000000.000000000000000,0.000000000000000,0.000000000000000,0.000000000000000,0.000000000000000,0.000000000000000,0.000000000000000,0.000000000000000,0.000000000000000,0.000000000000000,0.000000000000000,0.000000000000000,0.000000000000000,0.000000000000000,163000000.000000000000000,0.000000000000000,0.000000000000000,0.000000000000000,0.000000000000000,0.000000000000000,0.000000000000000,0.000000000000000,0.000000000000000
15,53,0.000000000000000,0.000000000000000,0.000000000000000,0.000000000000000,0.000000000000000,0.000000000000000,0.000000000000000,0.000000000000000,0.000000000000000,0.000000000000000,0.000000000000000,0.000000000000000,0.000000000000000,0.000000000000000,0.000000000000000,0.000000000000000,10000000.000000000000000,0.000000000000000,0.000000000000000,0.000000000000000,0.000000000000000,0.000000000000000,0.000000000000000,0.000000000000000
16,61,0.000000000000000,5000000.000000000000000,0.000000000000000,0.000000000000000,0.000000000000000,0.000000000000000,0.000000000000000,0.000000000000000,0.000000000000000,0.000000000000000,0.000000000000000,0.000000000000000,0.000000000000000,0.000000000000000,0.000000000000000,0.000000000000000,0.000000000000000,1786000000.000000000000000,0.000000000000000,0.000000000000000,2000000.000000000000000,0.000000000000000,0.000000000000000,0.000000000000000
17,62,0.000000000000000,294000000.000000000000000,0.000000000000000,1000000.000000000000000,0.000000000000000,0.000000000000000,3000000.000000000000000,0.000000000000000,6000000.000000000000000,0.000000000000000,0.000000000000000,0.000000000000000,0.000000000000000,0.000000000000000,6000000.000000000000000,1000000.000000000000000,10000000.000000000000000,0.000000000000000,7390000000.000000000000000,0.000000000000000,0.000000000000000,1000000.000000000000000,0.000000000000000,0.000000000000000
18,63,0.000000000000000,207000000.000000000000000,0.000000000000000,0.000000000000000,0.000000000000000,0.000000000000000,0.000000000000000,1000000.000000000000000,4000000.000000000000000,0.000000000000000,126000000.000000000000000,0.000000000000000,0.000000000000000,0.000000000000000,0.000000000000000,0.000000000000000,1000000.000000000000000,0.000000000000000,0.000000000000000,2141000000.000000000000000,0.000000000000000,0.000000000000000,0.000000000000000,0.000000000000000
19,64,0.000000000000000,21000000.000000000000000,0.000000000000000,0.000000000000000,0.000000000000000,0.000000000000000,1000000.000000000000000,3000000.000000000000000,0.000000000000000,0.000000000000000,0.000000000000000,10000000.000000000000000,0.000000000000000,0.000000000000000,0.000000000000000,0.000000000000000,0.000000000000000,0.000000000000000,0.000000000000000,0.000000000000000,109000000.000000000000000,0.000000000000000,0.000000000000000,0.000000000000000
20,65,0.000000000000000,7000000.000000000000000,0.000000000000000,0.000000000000000,0.000000000000000,0.000000000000000,0.000000000000000,0.000000000000000,0.000000000000000,0.000000000000000,0.000000000000000,0.000000000000000,0.000000000000000,0.000000000000000,0.000000000000000,0.000000000000000,1000000.000000000000000,0.000000000000000,0.000000000000000,0.000000000000000,0.000000000000000,91000000.000000000000000,0.000000000000000,0.000000000000000
21,66,0.000000000000000,1000000.000000000000000,0.000000000000000,0.000000000000000,0.000000000000000,0.000000000000000,0.000000000000000,0.000000000000000,0.000000000000000,0.000000000000000,0.000000000000000,0.000000000000000,0.000000000000000,0.000000000000000,0.000000000000000,0.000000000000000,0.000000000000000,0.000000000000000,0.000000000000000,0.000000000000000,0.000000000000000,0.000000000000000,3549000000.000000000000000,0.000000000000000
22,67,0.000000000000000,0.000000000000000,0.000000000000000,0.000000000000000,0.000000000000000,0.000000000000000,0.000000000000000,0.000000000000000,0.000000000000000,0.000000000000000,0.000000000000000,0.000000000000000,0.000000000000000,0.000000000000000,0.000000000000000,0.000000000000000,0.000000000000000,0.000000000000000,0.000000000000000,0.000000000000000,0.000000000000000,0.000000000000000,0.000000000000000,1090000000.000000000000000
23,122,0.000000000000000,6000000.000000000000000,0.000000000000000,0.000000000000000,0.000000000000000,0.000000000000000,0.000000000000000,0.000000000000000,0.000000000000000,0.000000000000000,0.000000000000000,0.000000000000000,0.000000000000000,0.000000000000000,0.000000000000000,0.000000000000000,0.000000000000000,0.000000000000000,0.000000000000000,0.000000000000000,0.000000000000000,0.000000000000000,0.000000000000000,0.000000000000000
24,123,0.000000000000000,4000000000.000000000000000,0.000000000000000,0.000000000000000,0.000000000000000,0.000000000000000,7000000.000000000000000,8000000.000000000000000,18000000.000000000000000,0.000000000000000,0.000000000000000,2000000.000000000000000,0.000000000000000,1000000.000000000000000,16000000.000000000000000,12000000.000000000000000,2000000.000000000000000,0.000000000000000,2000000.000000000000000,7000000.000000000000000,1000000.000000000000000,0.000000000000000,0.000000000000000,0.000000000000000