OBJECTID,VALUE,VALUE_21,VALUE_22,VALUE_23,VALUE_31,VALUE_32,VALUE_33,VALUE_42,VALUE_53,VALUE_61,VALUE_62,VALUE_63,VALUE_64,VALUE_65,VALUE_66,VALUE_123
1,12,0.000000000000000,0.000000000000000,1000000.000000000000000,0.000000000000000,0.000000000000000,0.000000000000000,0.000000000000000,0.000000000000000,0.000000000000000,0.000000000000000,0.000000000000000,0.000000000000000,0.000000000000000,0.000000000000000,3000000.000000000000000
2,21,2000000.000000000000000,0.000000000000000,0.000000000000000,0.000000000000000,0.000000000000000,0.000000000000000,0.000000000000000,0.000000000000000,0.000000000000000,0.000000000000000,2000000.000000000000000,0.000000000000000,0.000000000000000,0.000000000000000,0.000000000000000
3,22,0.000000000000000,250000000.000000000000000,0.000000000000000,0.000000000000000,0.000000000000000,0.000000000000000,0.000000000000000,0.000000000000000,0.000000000000000,0.000000000000000,0.000000000000000,0.000000000000000,0.000000000000000,0.000000000000000,0.000000000000000
4,23,0.000000000000000,0.000000000000000,4000000.000000000000000,0.000000000000000,0.000000000000000,0.000000000000000,0.000000000000000,0.000000000000000,0.000000000000000,0.000000000000000,0.000000000000000,0.000000000000000,0.000000000000000,0.000000000000000,0.000000000000000
5,31,1000000.000000000000000,14000000.000000000000000,0.000000000000000,172000000.000000000000000,0.000000000000000,0.000000000000000,0.000000000000000,0.000000000000000,0.000000000000000,8000000.000000000000000,221000000.000000000000000,4000000.000000000000000,0.000000000000000,0.000000000000000,0.000000000000000
6,32,0.000000000000000,0.000000000000000,0.000000000000000,0.000000000000000,325000000.000000000000000,1000000.000000000000000,0.000000000000000,0.000000000000000,0.000000000000000,1000000.000000000000000,0.000000000000000,0.000000000000000,0.000000000000000,0.000000000000000,0.000000000000000
7,33,0.000000000000000,0.000000000000000,0.000000000000000,1000000.000000000000000,0.000000000000000,6869000000.000000000000000,0.000000000000000,0.000000000000000,0.000000000000000,0.000000000000000,307000000.000000000000000,0.000000000000000,1000000.000000000000000,0.000000000000000,0.000000000000000
8,42,0.000000000000000,0.000000000000000,0.000000000000000,0.000000000000000,0.000000000000000,0.000000000000000,66000000.000000000000000,0.000000000000000,0.000000000000000,0.000000000000000,0.000000000000000,0.000000000000000,0.000000000000000,0.000000000000000,0.000000000000000
9,53,0.000000000000000,0.000000000000000,0.000000000000000,0.000000000000000,0.000000000000000,0.000000000000000,0.000000000000000,2000000.000000000000000,0.000000000000000,0.000000000000000,0.000000000000000,0.000000000000000,0.000000000000000,0.000000000000000,0.000000000000000
10,61,0.000000000000000,0.000000000000000,0.000000000000000,0.000000000000000,0.000000000000000,8000000.000000000000000,0.000000000000000,0.000000000000000,11869000000.000000000000000,0.000000000000000,0.000000000000000,0.000000000000000,0.000000000000000,0.000000000000000,0.000000000000000
11,62,0.000000000000000,1000000.000000000000000,0.000000000000000,0.000000000000000,2000000.000000000000000,1000000.000000000000000,0.000000000000000,0.000000000000000,0.000000000000000,61388000000.000000000000000,2000000.000000000000000,0.000000000000000,21000000.000000000000000,0.000000000000000,9000000.000000000000000
12,63,0.000000000000000,6000000.000000000000000,0.000000000000000,280000000.000000000000000,173000000.000000000000000,504000000.000000000000000,0.000000000000000,0.000000000000000,0.000000000000000,7000000.000000000000000,11072000000.000000000000000,1000000.000000000000000,40000000.000000000000000,1000000.000000000000000,0.000000000000000
13,64,0.000000000000000,0.000000000000000,0.000000000000000,0.000000000000000,0.000000000000000,0.000000000000000,0.000000000000000,0.000000000000000,0.000000000000000,0.000000000000000,0.000000000000000,233000000.000000000000000,0.000000000000000,0.000000000000000,0.000000000000000
14,65,0.000000000000000,0.000000000000000,0.000000000000000,0.000000000000000,0.000000000000000,0.000000000000000,0.000000000000000,0.000000000000000,0.000000000000000,5000000.000000000000000,0.000000000000000,0.000000000000000,2708000000.000000000000000,0.000000000000000,0.000000000000000
15,66,0.000000000000000,0.000000000000000,0.000000000000000,0.000000000000000,0.000000000000000,12000000.000000000000000,0.000000000000000,0.000000000000000,0.000000000000000,7000000.000000000000000,0.000000000000000,0.000000000000000,1000000.000000000000000,44743000000.000000000000000,0.000000000000000