OBJECTID,VALUE,VALUE_12,VALUE_21,VALUE_22,VALUE_23,VALUE_24,VALUE_31,VALUE_32,VALUE_33,VALUE_41,VALUE_42,VALUE_43,VALUE_46,VALUE_51,VALUE_52,VALUE_53,VALUE_61,VALUE_62,VALUE_63,VALUE_64,VALUE_65,VALUE_66
1,21,10000000.000000000000000,625000000.000000000000000,3000000.000000000000000,0.000000000000000,0.000000000000000,3000000.000000000000000,2000000.000000000000000,1000000.000000000000000,0.000000000000000,0.000000000000000,0.000000000000000,0.000000000000000,5000000.000000000000000,1000000.000000000000000,3000000.000000000000000,0.000000000000000,0.000000000000000,1000000.000000000000000,1000000.000000000000000,0.000000000000000,0.000000000000000
2,22,1000000.000000000000000,3000000.000000000000000,243000000.000000000000000,0.000000000000000,0.000000000000000,0.000000000000000,0.000000000000000,0.000000000000000,0.000000000000000,0.000000000000000,0.000000000000000,0.000000000000000,0.000000000000000,0.000000000000000,0.000000000000000,0.000000000000000,0.000000000000000,0.000000000000000,0.000000000000000,0.000000000000000,0.000000000000000
3,23,0.000000000000000,0.000000000000000,0.000000000000000,57000000.000000000000000,0.000000000000000,0.000000000000000,0.000000000000000,0.000000000000000,0.000000000000000,0.000000000000000,0.000000000000000,0.000000000000000,0.000000000000000,0.000000000000000,0.000000000000000,0.000000000000000,0.000000000000000,0.000000000000000,0.000000000000000,0.000000000000000,0.000000000000000
4,24,1000000.000000000000000,0.000000000000000,0.000000000000000,0.000000000000000,56000000.000000000000000,0.000000000000000,0.000000000000000,0.000000000000000,0.000000000000000,0.000000000000000,0.000000000000000,0.000000000000000,0.000000000000000,0.000000000000000,0.000000000000000,0.000000000000000,0.000000000000000,0.000000000000000,0.000000000000000,0.000000000000000,0.000000000000000
5,31,29000000.000000000000000,20000000.000000000000000,14000000.000000000000000,11000000.000000000000000,1000000.000000000000000,16914000000.000000000000000,181000000.000000000000000,39000000.000000000000000,5000000.000000000000000,3000000.000000000000000,1000000.000000000000000,4000000.000000000000000,14000000.000000000000000,9000000.000000000000000,52000000.000000000000000,3000000.000000000000000,0.000000000000000,11000000.000000000000000,3000000.000000000000000,0.000000000000000,1000000.000000000000000
6,32,21000000.000000000000000,11000000.000000000000000,11000000.000000000000000,10000000.000000000000000,0.000000000000000,519000000.000000000000000,25209000000.000000000000000,371000000.000000000000000,8000000.000000000000000,10000000.000000000000000,0.000000000000000,7000000.000000000000000,10000000.000000000000000,14000000.000000000000000,49000000.000000000000000,69000000.000000000000000,0.000000000000000,25000000.000000000000000,2000000.000000000000000,0.000000000000000,4000000.000000000000000
7,33,28000000.000000000000000,10000000.000000000000000,1000000.000000000000000,0.000000000000000,0.000000000000000,151000000.000000000000000,161000000.000000000000000,16266000000.000000000000000,0.000000000000000,10000000.000000000000000,1000000.000000000000000,0.000000000000000,2000000.000000000000000,3000000.000000000000000,21000000.000000000000000,76000000.000000000000000,3000000.000000000000000,18000000.000000000000000,1000000.000000000000000,0.000000000000000,1000000.000000000000000
8,41,0.000000000000000,0.000000000000000,0.000000000000000,0.000000000000000,0.000000000000000,0.000000000000000,0.000000000000000,1000000.000000000000000,52000000.000000000000000,0.000000000000000,0.000000000000000,0.000000000000000,0.000000000000000,0.000000000000000,0.000000000000000,0.000000000000000,0.000000000000000,0.000000000000000,0.000000000000000,0.000000000000000,0.000000000000000
9,42,0.000000000000000,1000000.000000000000000,0.000000000000000,0.000000000000000,0.000000000000000,2000000.000000000000000,5000000.000000000000000,10000000.000000000000000,0.000000000000000,283000000.000000000000000,0.000000000000000,22000000.000000000000000,0.000000000000000,0.000000000000000,1000000.000000000000000,2000000.000000000000000,0.000000000000000,7000000.000000000000000,2000000.000000000000000,0.000000000000000,0.000000000000000
10,43,0.000000000000000,0.000000000000000,0.000000000000000,0.000000000000000,0.000000000000000,0.000000000000000,0.000000000000000,0.000000000000000,0.000000000000000,0.000000000000000,3000000.000000000000000,1000000.000000000000000,0.000000000000000,0.000000000000000,0.000000000000000,0.000000000000000,0.000000000000000,0.000000000000000,0.000000000000000,0.000000000000000,0.000000000000000
11,46,0.000000000000000,3000000.000000000000000,0.000000000000000,1000000.000000000000000,0.000000000000000,2000000.000000000000000,7000000.000000000000000,2000000.000000000000000,35000000.000000000000000,0.000000000000000,0.000000000000000,1040000000.000000000000000,0.000000000000000,4000000.000000000000000,1000000.000000000000000,1000000.000000000000000,0.000000000000000,1000000.000000000000000,0.000000000000000,0.000000000000000,0.000000000000000
12,51,0.000000000000000,0.000000000000000,0.000000000000000,0.000000000000000,0.000000000000000,0.000000000000000,0.000000000000000,0.000000000000000,0.000000000000000,0.000000000000000,0.000000000000000,0.000000000000000,87000000.000000000000000,0.000000000000000,0.000000000000000,0.000000000000000,0.000000000000000,0.000000000000000,0.000000000000000,0.000000000000000,0.000000000000000
13,52,6000000.000000000000000,0.000000000000000,0.000000000000000,1000000.000000000000000,0.000000000000000,0.000000000000000,1000000.000000000000000,1000000.000000000000000,1000000.000000000000000,0.000000000000000,0.000000000000000,0.000000000000000,1000000.000000000000000,1410000000.000000000000000,1000000.000000000000000,0.000000000000000,0.000000000000000,2000000.000000000000000,0.000000000000000,0.000000000000000,0.000000000000000
14,53,0.000000000000000,0.000000000000000,0.000000000000000,0.000000000000000,0.000000000000000,0.000000000000000,0.000000000000000,0.000000000000000,0.000000000000000,0.000000000000000,0.000000000000000,0.000000000000000,0.000000000000000,0.000000000000000,3000000.000000000000000,0.000000000000000,0.000000000000000,0.000000000000000,0.000000000000000,0.000000000000000,0.000000000000000
15,61,0.000000000000000,1000000.000000000000000,0.000000000000000,0.000000000000000,0.000000000000000,4000000.000000000000000,11000000.000000000000000,122000000.000000000000000,0.000000000000000,1000000.000000000000000,0.000000000000000,0.000000000000000,0.000000000000000,0.000000000000000,1000000.000000000000000,4437000000.000000000000000,0.000000000000000,1000000.000000000000000,0.000000000000000,0.000000000000000,0.000000000000000
16,62,0.000000000000000,6000000.000000000000000,0.000000000000000,0.000000000000000,0.000000000000000,4000000.000000000000000,25000000.000000000000000,1000000.000000000000000,0.000000000000000,0.000000000000000,0.000000000000000,0.000000000000000,0.000000000000000,0.000000000000000,0.000000000000000,7000000.000000000000000,5716000000.000000000000000,18000000.000000000000000,0.000000000000000,0.000000000000000,0.000000000000000
17,63,9000000.000000000000000,5000000.000000000000000,0.000000000000000,0.000000000000000,0.000000000000000,9000000.000000000000000,305000000.000000000000000,71000000.000000000000000,0.000000000000000,41000000.000000000000000,0.000000000000000,1000000.000000000000000,0.000000000000000,4000000.000000000000000,8000000.000000000000000,0.000000000000000,0.000000000000000,1801000000.000000000000000,15000000.000000000000000,0.000000000000000,0.000000000000000
18,64,10000000.000000000000000,0.000000000000000,0.000000000000000,0.000000000000000,0.000000000000000,3000000.000000000000000,8000000.000000000000000,5000000.000000000000000,0.000000000000000,2000000.000000000000000,0.000000000000000,4000000.000000000000000,1000000.000000000000000,0.000000000000000,2000000.000000000000000,0.000000000000000,0.000000000000000,1000000.000000000000000,649000000.000000000000000,0.000000000000000,0.000000000000000
19,65,0.000000000000000,7000000.000000000000000,0.000000000000000,0.000000000000000,0.000000000000000,0.000000000000000,26000000.000000000000000,0.000000000000000,0.000000000000000,0.000000000000000,0.000000000000000,0.000000000000000,0.000000000000000,0.000000000000000,2000000.000000000000000,0.000000000000000,0.000000000000000,0.000000000000000,0.000000000000000,134000000.000000000000000,0.000000000000000
20,66,0.000000000000000,1000000.000000000000000,0.000000000000000,0.000000000000000,0.000000000000000,1000000.000000000000000,5000000.000000000000000,18000000.000000000000000,0.000000000000000,0.000000000000000,0.000000000000000,0.000000000000000,0.000000000000000,0.000000000000000,10000000.000000000000000,0.000000000000000,0.000000000000000,0.000000000000000,0.000000000000000,0.000000000000000,6320000000.000000000000000
21,121,394000000.000000000000000,2000000.000000000000000,0.000000000000000,0.000000000000000,0.000000000000000,2000000.000000000000000,1000000.000000000000000,3000000.000000000000000,0.000000000000000,0.000000000000000,0.000000000000000,0.000000000000000,0.000000000000000,1000000.000000000000000,1000000.000000000000000,0.000000000000000,0.000000000000000,1000000.000000000000000,1000000.000000000000000,0.000000000000000,0.000000000000000
22,122,1478000000.000000000000000,16000000.000000000000000,6000000.000000000000000,3000000.000000000000000,0.000000000000000,10000000.000000000000000,11000000.000000000000000,4000000.000000000000000,0.000000000000000,0.000000000000000,0.000000000000000,1000000.000000000000000,0.000000000000000,2000000.000000000000000,6000000.000000000000000,0.000000000000000,0.000000000000000,0.000000000000000,0.000000000000000,1000000.000000000000000,0.000000000000000
23,123,11881000000.000000000000000,82000000.000000000000000,4000000.000000000000000,13000000.000000000000000,7000000.000000000000000,74000000.000000000000000,151000000.000000000000000,111000000.000000000000000,5000000.000000000000000,1000000.000000000000000,2000000.000000000000000,2000000.000000000000000,77000000.000000000000000,21000000.000000000000000,92000000.000000000000000,0.000000000000000,0.000000000000000,16000000.000000000000000,0.000000000000000,0.000000000000000,0.000000000000000