OBJECTID,VALUE,VALUE_11,VALUE_12,VALUE_21,VALUE_22,VALUE_23,VALUE_24,VALUE_31,VALUE_32,VALUE_41,VALUE_42,VALUE_43,VALUE_44,VALUE_46,VALUE_51,VALUE_52,VALUE_53,VALUE_64,VALUE_65,VALUE_66
1,21,999999.999999998600000,82999999.999999881000000,7636999999.999989500000000,32999999.999999955000000,999999.999999998600000,0.000000000000000,13999999.999999981000000,1999999.999999997200000,0.000000000000000,0.000000000000000,0.000000000000000,0.000000000000000,0.000000000000000,0.000000000000000,1999999.999999997200000,999999.999999998600000,0.000000000000000,0.000000000000000,999999.999999998600000
2,22,999999.999999998600000,999999.999999998600000,999999.999999998600000,439999999.999999400000000,0.000000000000000,0.000000000000000,0.000000000000000,0.000000000000000,0.000000000000000,0.000000000000000,0.000000000000000,0.000000000000000,0.000000000000000,0.000000000000000,0.000000000000000,0.000000000000000,0.000000000000000,0.000000000000000,0.000000000000000
3,23,0.000000000000000,999999.999999998600000,0.000000000000000,0.000000000000000,240999999.999999670000000,0.000000000000000,0.000000000000000,0.000000000000000,0.000000000000000,0.000000000000000,0.000000000000000,0.000000000000000,0.000000000000000,0.000000000000000,0.000000000000000,0.000000000000000,0.000000000000000,0.000000000000000,0.000000000000000
4,24,0.000000000000000,0.000000000000000,0.000000000000000,0.000000000000000,0.000000000000000,19999999.999999970000000,0.000000000000000,0.000000000000000,0.000000000000000,0.000000000000000,0.000000000000000,0.000000000000000,0.000000000000000,0.000000000000000,0.000000000000000,0.000000000000000,0.000000000000000,0.000000000000000,0.000000000000000
5,31,29999999.999999959000000,17999999.999999974000000,6999999.999999990700000,2999999.999999995800000,0.000000000000000,0.000000000000000,788999999.999998930000000,0.000000000000000,0.000000000000000,0.000000000000000,0.000000000000000,0.000000000000000,0.000000000000000,0.000000000000000,0.000000000000000,0.000000000000000,0.000000000000000,0.000000000000000,0.000000000000000
6,32,0.000000000000000,999999.999999998600000,0.000000000000000,0.000000000000000,0.000000000000000,0.000000000000000,0.000000000000000,42999999.999999940000000,0.000000000000000,0.000000000000000,0.000000000000000,0.000000000000000,0.000000000000000,0.000000000000000,0.000000000000000,0.000000000000000,0.000000000000000,0.000000000000000,0.000000000000000
7,41,999999.999999998600000,0.000000000000000,0.000000000000000,0.000000000000000,0.000000000000000,0.000000000000000,0.000000000000000,0.000000000000000,999999.999999998600000,0.000000000000000,0.000000000000000,0.000000000000000,0.000000000000000,0.000000000000000,0.000000000000000,0.000000000000000,0.000000000000000,0.000000000000000,0.000000000000000
8,42,3999999.999999994400000,0.000000000000000,0.000000000000000,0.000000000000000,0.000000000000000,0.000000000000000,0.000000000000000,0.000000000000000,0.000000000000000,1245999999.999998300000000,0.000000000000000,0.000000000000000,0.000000000000000,0.000000000000000,0.000000000000000,0.000000000000000,999999.999999998600000,0.000000000000000,0.000000000000000
9,43,999999.999999998600000,0.000000000000000,0.000000000000000,0.000000000000000,0.000000000000000,0.000000000000000,0.000000000000000,0.000000000000000,0.000000000000000,0.000000000000000,92999999.999999866000000,0.000000000000000,0.000000000000000,0.000000000000000,0.000000000000000,0.000000000000000,0.000000000000000,0.000000000000000,0.000000000000000
10,46,1999999.999999997200000,0.000000000000000,0.000000000000000,0.000000000000000,0.000000000000000,0.000000000000000,0.000000000000000,0.000000000000000,0.000000000000000,0.000000000000000,0.000000000000000,0.000000000000000,109999999.999999850000000,0.000000000000000,0.000000000000000,0.000000000000000,0.000000000000000,0.000000000000000,0.000000000000000
11,51,999999.999999998600000,0.000000000000000,0.000000000000000,999999.999999998600000,0.000000000000000,0.000000000000000,0.000000000000000,0.000000000000000,0.000000000000000,0.000000000000000,0.000000000000000,0.000000000000000,0.000000000000000,46999999.999999933000000,0.000000000000000,999999.999999998600000,0.000000000000000,0.000000000000000,0.000000000000000
12,52,3999999.999999994400000,4999999.999999992500000,0.000000000000000,0.000000000000000,0.000000000000000,0.000000000000000,0.000000000000000,0.000000000000000,0.000000000000000,0.000000000000000,0.000000000000000,0.000000000000000,0.000000000000000,999999.999999998600000,392999999.999999460000000,1999999.999999997200000,0.000000000000000,0.000000000000000,0.000000000000000
13,53,0.000000000000000,0.000000000000000,0.000000000000000,0.000000000000000,0.000000000000000,0.000000000000000,0.000000000000000,0.000000000000000,0.000000000000000,0.000000000000000,0.000000000000000,0.000000000000000,0.000000000000000,0.000000000000000,0.000000000000000,60999999.999999918000000,0.000000000000000,0.000000000000000,0.000000000000000
14,64,95999999.999999866000000,10999999.999999985000000,0.000000000000000,0.000000000000000,0.000000000000000,0.000000000000000,0.000000000000000,0.000000000000000,0.000000000000000,0.000000000000000,999999.999999998600000,0.000000000000000,0.000000000000000,0.000000000000000,0.000000000000000,0.000000000000000,1048999999.999998600000000,0.000000000000000,0.000000000000000
15,65,0.000000000000000,0.000000000000000,0.000000000000000,0.000000000000000,0.000000000000000,0.000000000000000,0.000000000000000,0.000000000000000,0.000000000000000,0.000000000000000,0.000000000000000,0.000000000000000,0.000000000000000,0.000000000000000,0.000000000000000,0.000000000000000,0.000000000000000,999999.999999998600000,0.000000000000000
16,66,0.000000000000000,0.000000000000000,0.000000000000000,0.000000000000000,0.000000000000000,0.000000000000000,0.000000000000000,0.000000000000000,0.000000000000000,0.000000000000000,0.000000000000000,0.000000000000000,0.000000000000000,0.000000000000000,0.000000000000000,0.000000000000000,0.000000000000000,0.000000000000000,999999.999999998600000
17,111,1999999.999999997200000,0.000000000000000,0.000000000000000,0.000000000000000,0.000000000000000,0.000000000000000,0.000000000000000,0.000000000000000,0.000000000000000,0.000000000000000,0.000000000000000,0.000000000000000,0.000000000000000,0.000000000000000,0.000000000000000,0.000000000000000,0.000000000000000,0.000000000000000,0.000000000000000
18,112,30999999.999999955000000,3999999.999999994400000,0.000000000000000,0.000000000000000,0.000000000000000,0.000000000000000,0.000000000000000,0.000000000000000,0.000000000000000,0.000000000000000,0.000000000000000,0.000000000000000,0.000000000000000,0.000000000000000,0.000000000000000,0.000000000000000,0.000000000000000,0.000000000000000,0.000000000000000
19,113,1918999999.999997400000000,115999999.999999840000000,999999.999999998600000,999999.999999998600000,0.000000000000000,0.000000000000000,0.000000000000000,0.000000000000000,0.000000000000000,0.000000000000000,0.000000000000000,0.000000000000000,0.000000000000000,999999.999999998600000,2999999.999999995800000,1999999.999999997200000,999999.999999998600000,0.000000000000000,0.000000000000000
20,121,0.000000000000000,41999999.999999940000000,999999.999999998600000,0.000000000000000,0.000000000000000,0.000000000000000,1999999.999999997200000,0.000000000000000,0.000000000000000,0.000000000000000,0.000000000000000,0.000000000000000,0.000000000000000,0.000000000000000,0.000000000000000,0.000000000000000,0.000000000000000,0.000000000000000,0.000000000000000
21,122,0.000000000000000,795999999.999998930000000,12999999.999999981000000,7999999.999999988800000,0.000000000000000,0.000000000000000,9999999.999999985100000,1999999.999999997200000,0.000000000000000,0.000000000000000,0.000000000000000,0.000000000000000,0.000000000000000,0.000000000000000,999999.999999998600000,999999.999999998600000,0.000000000000000,0.000000000000000,0.000000000000000
22,123,395999999.999999460000000,6187999999.999991400000000,2999999.999999995800000,17999999.999999974000000,0.000000000000000,0.000000000000000,1999999.999999997200000,0.000000000000000,0.000000000000000,0.000000000000000,999999.999999998600000,1999999.999999997200000,999999.999999998600000,8999999.999999987000000,2999999.999999995800000,3999999.999999994400000,0.000000000000000,0.000000000000000,0.000000000000000