OBJECTID,VALUE,VALUE_21,VALUE_22,VALUE_23,VALUE_24,VALUE_31,VALUE_32,VALUE_33,VALUE_41,VALUE_42,VALUE_43,VALUE_46,VALUE_51,VALUE_52,VALUE_53,VALUE_61,VALUE_63,VALUE_64,VALUE_65,VALUE_66,VALUE_111,VALUE_112,VALUE_113,VALUE_121,VALUE_122,VALUE_123
1,11,1000000.000000000000000,0.000000000000000,0.000000000000000,0.000000000000000,0.000000000000000,0.000000000000000,0.000000000000000,0.000000000000000,0.000000000000000,4000000.000000000000000,3000000.000000000000000,3000000.000000000000000,4000000.000000000000000,0.000000000000000,0.000000000000000,0.000000000000000,2000000.000000000000000,0.000000000000000,0.000000000000000,66000000.000000000000000,127000000.000000000000000,2883000000.000000000000000,0.000000000000000,1000000.000000000000000,61000000.000000000000000
2,12,42000000.000000000000000,3000000.000000000000000,7000000.000000000000000,0.000000000000000,4000000.000000000000000,11000000.000000000000000,0.000000000000000,0.000000000000000,3000000.000000000000000,5000000.000000000000000,8000000.000000000000000,89000000.000000000000000,38000000.000000000000000,15000000.000000000000000,0.000000000000000,1000000.000000000000000,2000000.000000000000000,1000000.000000000000000,0.000000000000000,1000000.000000000000000,1000000.000000000000000,409000000.000000000000000,256000000.000000000000000,631000000.000000000000000,16312000000.000000000000000
3,21,4247000000.000000000000000,0.000000000000000,11000000.000000000000000,1000000.000000000000000,1000000.000000000000000,7000000.000000000000000,0.000000000000000,0.000000000000000,1000000.000000000000000,0.000000000000000,0.000000000000000,4000000.000000000000000,4000000.000000000000000,0.000000000000000,0.000000000000000,0.000000000000000,0.000000000000000,1000000.000000000000000,1000000.000000000000000,0.000000000000000,0.000000000000000,1000000.000000000000000,5000000.000000000000000,22000000.000000000000000,151000000.000000000000000
4,22,14000000.000000000000000,527000000.000000000000000,2000000.000000000000000,0.000000000000000,0.000000000000000,3000000.000000000000000,0.000000000000000,2000000.000000000000000,0.000000000000000,1000000.000000000000000,3000000.000000000000000,1000000.000000000000000,5000000.000000000000000,2000000.000000000000000,2000000.000000000000000,0.000000000000000,0.000000000000000,0.000000000000000,0.000000000000000,0.000000000000000,1000000.000000000000000,7000000.000000000000000,4000000.000000000000000,7000000.000000000000000,62000000.000000000000000
5,23,8000000.000000000000000,0.000000000000000,803000000.000000000000000,0.000000000000000,0.000000000000000,7000000.000000000000000,0.000000000000000,0.000000000000000,1000000.000000000000000,0.000000000000000,0.000000000000000,2000000.000000000000000,2000000.000000000000000,0.000000000000000,0.000000000000000,0.000000000000000,0.000000000000000,0.000000000000000,0.000000000000000,0.000000000000000,0.000000000000000,1000000.000000000000000,2000000.000000000000000,11000000.000000000000000,99000000.000000000000000
6,24,0.000000000000000,0.000000000000000,0.000000000000000,12000000.000000000000000,0.000000000000000,0.000000000000000,0.000000000000000,0.000000000000000,0.000000000000000,0.000000000000000,0.000000000000000,0.000000000000000,0.000000000000000,0.000000000000000,0.000000000000000,0.000000000000000,0.000000000000000,0.000000000000000,0.000000000000000,0.000000000000000,0.000000000000000,0.000000000000000,0.000000000000000,0.000000000000000,0.000000000000000
7,31,18000000.000000000000000,0.000000000000000,0.000000000000000,0.000000000000000,47000000.000000000000000,9000000.000000000000000,1000000.000000000000000,1000000.000000000000000,0.000000000000000,22000000.000000000000000,4000000.000000000000000,0.000000000000000,2000000.000000000000000,0.000000000000000,0.000000000000000,7000000.000000000000000,0.000000000000000,0.000000000000000,0.000000000000000,0.000000000000000,0.000000000000000,22000000.000000000000000,0.000000000000000,1000000.000000000000000,58000000.000000000000000
8,32,5000000.000000000000000,0.000000000000000,0.000000000000000,0.000000000000000,0.000000000000000,375000000.000000000000000,0.000000000000000,0.000000000000000,1000000.000000000000000,0.000000000000000,0.000000000000000,0.000000000000000,0.000000000000000,0.000000000000000,0.000000000000000,12000000.000000000000000,3000000.000000000000000,0.000000000000000,0.000000000000000,1000000.000000000000000,1000000.000000000000000,16000000.000000000000000,0.000000000000000,0.000000000000000,35000000.000000000000000
9,33,0.000000000000000,0.000000000000000,0.000000000000000,0.000000000000000,0.000000000000000,0.000000000000000,55000000.000000000000000,0.000000000000000,0.000000000000000,0.000000000000000,0.000000000000000,0.000000000000000,0.000000000000000,0.000000000000000,0.000000000000000,0.000000000000000,0.000000000000000,0.000000000000000,0.000000000000000,0.000000000000000,0.000000000000000,0.000000000000000,0.000000000000000,0.000000000000000,0.000000000000000
10,41,0.000000000000000,3000000.000000000000000,0.000000000000000,0.000000000000000,0.000000000000000,0.000000000000000,0.000000000000000,288000000.000000000000000,0.000000000000000,0.000000000000000,2000000.000000000000000,0.000000000000000,0.000000000000000,0.000000000000000,0.000000000000000,0.000000000000000,0.000000000000000,0.000000000000000,0.000000000000000,0.000000000000000,0.000000000000000,0.000000000000000,0.000000000000000,0.000000000000000,0.000000000000000
11,42,0.000000000000000,0.000000000000000,0.000000000000000,0.000000000000000,0.000000000000000,1000000.000000000000000,4000000.000000000000000,0.000000000000000,100000000.000000000000000,0.000000000000000,0.000000000000000,0.000000000000000,0.000000000000000,0.000000000000000,0.000000000000000,3000000.000000000000000,13000000.000000000000000,0.000000000000000,0.000000000000000,0.000000000000000,0.000000000000000,9000000.000000000000000,0.000000000000000,0.000000000000000,1000000.000000000000000
12,43,0.000000000000000,0.000000000000000,0.000000000000000,0.000000000000000,0.000000000000000,3000000.000000000000000,0.000000000000000,0.000000000000000,0.000000000000000,260000000.000000000000000,4000000.000000000000000,0.000000000000000,1000000.000000000000000,0.000000000000000,0.000000000000000,0.000000000000000,1000000.000000000000000,0.000000000000000,0.000000000000000,0.000000000000000,0.000000000000000,4000000.000000000000000,0.000000000000000,0.000000000000000,3000000.000000000000000
13,46,0.000000000000000,0.000000000000000,0.000000000000000,0.000000000000000,0.000000000000000,0.000000000000000,0.000000000000000,4000000.000000000000000,1000000.000000000000000,1000000.000000000000000,344000000.000000000000000,0.000000000000000,1000000.000000000000000,0.000000000000000,0.000000000000000,0.000000000000000,0.000000000000000,0.000000000000000,0.000000000000000,0.000000000000000,0.000000000000000,19000000.000000000000000,0.000000000000000,0.000000000000000,91000000.000000000000000
14,51,0.000000000000000,0.000000000000000,0.000000000000000,0.000000000000000,0.000000000000000,0.000000000000000,0.000000000000000,0.000000000000000,0.000000000000000,0.000000000000000,0.000000000000000,333000000.000000000000000,0.000000000000000,0.000000000000000,0.000000000000000,0.000000000000000,0.000000000000000,0.000000000000000,0.000000000000000,0.000000000000000,0.000000000000000,0.000000000000000,0.000000000000000,0.000000000000000,0.000000000000000
15,52,0.000000000000000,0.000000000000000,0.000000000000000,0.000000000000000,0.000000000000000,0.000000000000000,0.000000000000000,0.000000000000000,0.000000000000000,0.000000000000000,0.000000000000000,4000000.000000000000000,2106000000.000000000000000,0.000000000000000,0.000000000000000,0.000000000000000,0.000000000000000,0.000000000000000,0.000000000000000,0.000000000000000,0.000000000000000,0.000000000000000,0.000000000000000,0.000000000000000,0.000000000000000
16,53,0.000000000000000,0.000000000000000,0.000000000000000,0.000000000000000,0.000000000000000,0.000000000000000,0.000000000000000,0.000000000000000,0.000000000000000,0.000000000000000,0.000000000000000,0.000000000000000,0.000000000000000,11000000.000000000000000,0.000000000000000,0.000000000000000,0.000000000000000,0.000000000000000,0.000000000000000,0.000000000000000,0.000000000000000,1000000.000000000000000,0.000000000000000,0.000000000000000,2000000.000000000000000
17,61,0.000000000000000,0.000000000000000,0.000000000000000,0.000000000000000,1000000.000000000000000,0.000000000000000,0.000000000000000,0.000000000000000,0.000000000000000,0.000000000000000,0.000000000000000,0.000000000000000,0.000000000000000,0.000000000000000,35000000.000000000000000,0.000000000000000,0.000000000000000,0.000000000000000,0.000000000000000,0.000000000000000,0.000000000000000,0.000000000000000,0.000000000000000,0.000000000000000,0.000000000000000
18,63,0.000000000000000,0.000000000000000,0.000000000000000,0.000000000000000,0.000000000000000,3000000.000000000000000,0.000000000000000,0.000000000000000,0.000000000000000,0.000000000000000,0.000000000000000,0.000000000000000,0.000000000000000,0.000000000000000,0.000000000000000,74000000.000000000000000,2000000.000000000000000,0.000000000000000,0.000000000000000,0.000000000000000,0.000000000000000,2000000.000000000000000,0.000000000000000,0.000000000000000,2000000.000000000000000
19,64,1000000.000000000000000,0.000000000000000,0.000000000000000,0.000000000000000,2000000.000000000000000,7000000.000000000000000,0.000000000000000,1000000.000000000000000,2000000.000000000000000,0.000000000000000,0.000000000000000,1000000.000000000000000,2000000.000000000000000,0.000000000000000,1000000.000000000000000,6000000.000000000000000,102000000.000000000000000,0.000000000000000,0.000000000000000,0.000000000000000,0.000000000000000,100000000.000000000000000,0.000000000000000,0.000000000000000,53000000.000000000000000
20,65,0.000000000000000,0.000000000000000,0.000000000000000,0.000000000000000,0.000000000000000,0.000000000000000,0.000000000000000,0.000000000000000,0.000000000000000,0.000000000000000,0.000000000000000,0.000000000000000,0.000000000000000,0.000000000000000,0.000000000000000,0.000000000000000,0.000000000000000,5000000.000000000000000,0.000000000000000,0.000000000000000,0.000000000000000,0.000000000000000,0.000000000000000,0.000000000000000,0.000000000000000
21,66,0.000000000000000,0.000000000000000,0.000000000000000,0.000000000000000,0.000000000000000,0.000000000000000,0.000000000000000,0.000000000000000,0.000000000000000,0.000000000000000,0.000000000000000,0.000000000000000,0.000000000000000,0.000000000000000,0.000000000000000,0.000000000000000,0.000000000000000,0.000000000000000,8000000.000000000000000,0.000000000000000,0.000000000000000,0.000000000000000,0.000000000000000,0.000000000000000,0.000000000000000