OBJECTID,VALUE,VALUE_11,VALUE_12,VALUE_21,VALUE_22,VALUE_23,VALUE_24,VALUE_31,VALUE_32,VALUE_33,VALUE_41,VALUE_42,VALUE_43,VALUE_44,VALUE_46,VALUE_51,VALUE_52,VALUE_53,VALUE_61,VALUE_62,VALUE_64,VALUE_65,VALUE_66,VALUE_67
1,21,0.000000000000000,0.000000000000000,10194000000.000000000000000,4000000.000000000000000,2000000.000000000000000,0.000000000000000,0.000000000000000,0.000000000000000,0.000000000000000,0.000000000000000,0.000000000000000,0.000000000000000,0.000000000000000,0.000000000000000,0.000000000000000,0.000000000000000,2000000.000000000000000,0.000000000000000,0.000000000000000,0.000000000000000,0.000000000000000,0.000000000000000,0.000000000000000
2,22,0.000000000000000,0.000000000000000,0.000000000000000,6955000000.000000000000000,0.000000000000000,0.000000000000000,0.000000000000000,0.000000000000000,0.000000000000000,0.000000000000000,0.000000000000000,0.000000000000000,0.000000000000000,0.000000000000000,0.000000000000000,0.000000000000000,0.000000000000000,0.000000000000000,0.000000000000000,0.000000000000000,0.000000000000000,0.000000000000000,0.000000000000000
3,23,0.000000000000000,0.000000000000000,1000000.000000000000000,7000000.000000000000000,3989000000.000000000000000,0.000000000000000,2000000.000000000000000,2000000.000000000000000,2000000.000000000000000,0.000000000000000,0.000000000000000,0.000000000000000,0.000000000000000,0.000000000000000,0.000000000000000,1000000.000000000000000,0.000000000000000,0.000000000000000,0.000000000000000,0.000000000000000,0.000000000000000,0.000000000000000,0.000000000000000
4,24,0.000000000000000,0.000000000000000,0.000000000000000,0.000000000000000,0.000000000000000,12000000.000000000000000,0.000000000000000,0.000000000000000,0.000000000000000,0.000000000000000,0.000000000000000,0.000000000000000,0.000000000000000,0.000000000000000,0.000000000000000,0.000000000000000,0.000000000000000,0.000000000000000,0.000000000000000,0.000000000000000,0.000000000000000,0.000000000000000,0.000000000000000
5,31,0.000000000000000,0.000000000000000,0.000000000000000,9000000.000000000000000,0.000000000000000,0.000000000000000,21011000000.000000000000000,2000000.000000000000000,0.000000000000000,0.000000000000000,0.000000000000000,0.000000000000000,0.000000000000000,0.000000000000000,0.000000000000000,0.000000000000000,3000000.000000000000000,0.000000000000000,0.000000000000000,0.000000000000000,0.000000000000000,0.000000000000000,0.000000000000000
6,32,0.000000000000000,0.000000000000000,0.000000000000000,19000000.000000000000000,1000000.000000000000000,0.000000000000000,3000000.000000000000000,14114000000.000000000000000,7000000.000000000000000,0.000000000000000,0.000000000000000,0.000000000000000,0.000000000000000,0.000000000000000,0.000000000000000,1000000.000000000000000,1000000.000000000000000,0.000000000000000,0.000000000000000,0.000000000000000,0.000000000000000,0.000000000000000,0.000000000000000
7,33,0.000000000000000,0.000000000000000,0.000000000000000,0.000000000000000,2000000.000000000000000,0.000000000000000,2000000.000000000000000,34000000.000000000000000,18728000000.000000000000000,0.000000000000000,0.000000000000000,0.000000000000000,0.000000000000000,0.000000000000000,0.000000000000000,1000000.000000000000000,0.000000000000000,0.000000000000000,0.000000000000000,0.000000000000000,0.000000000000000,1000000.000000000000000,0.000000000000000
8,41,0.000000000000000,0.000000000000000,0.000000000000000,0.000000000000000,0.000000000000000,0.000000000000000,0.000000000000000,0.000000000000000,0.000000000000000,224000000.000000000000000,0.000000000000000,1000000.000000000000000,0.000000000000000,0.000000000000000,1000000.000000000000000,0.000000000000000,0.000000000000000,0.000000000000000,0.000000000000000,0.000000000000000,0.000000000000000,0.000000000000000,0.000000000000000
9,42,0.000000000000000,0.000000000000000,0.000000000000000,0.000000000000000,0.000000000000000,0.000000000000000,0.000000000000000,0.000000000000000,0.000000000000000,0.000000000000000,27000000.000000000000000,0.000000000000000,0.000000000000000,0.000000000000000,0.000000000000000,0.000000000000000,0.000000000000000,0.000000000000000,0.000000000000000,0.000000000000000,0.000000000000000,0.000000000000000,0.000000000000000
10,43,0.000000000000000,0.000000000000000,0.000000000000000,0.000000000000000,0.000000000000000,0.000000000000000,0.000000000000000,0.000000000000000,0.000000000000000,0.000000000000000,0.000000000000000,2000000.000000000000000,0.000000000000000,0.000000000000000,0.000000000000000,0.000000000000000,0.000000000000000,0.000000000000000,0.000000000000000,0.000000000000000,0.000000000000000,0.000000000000000,0.000000000000000
11,44,0.000000000000000,0.000000000000000,0.000000000000000,0.000000000000000,0.000000000000000,0.000000000000000,0.000000000000000,0.000000000000000,0.000000000000000,0.000000000000000,0.000000000000000,0.000000000000000,198000000.000000000000000,0.000000000000000,0.000000000000000,0.000000000000000,0.000000000000000,0.000000000000000,0.000000000000000,0.000000000000000,0.000000000000000,4000000.000000000000000,0.000000000000000
12,46,0.000000000000000,0.000000000000000,0.000000000000000,0.000000000000000,0.000000000000000,0.000000000000000,0.000000000000000,0.000000000000000,0.000000000000000,0.000000000000000,0.000000000000000,0.000000000000000,0.000000000000000,25000000.000000000000000,0.000000000000000,0.000000000000000,0.000000000000000,0.000000000000000,0.000000000000000,0.000000000000000,0.000000000000000,0.000000000000000,0.000000000000000
13,51,0.000000000000000,0.000000000000000,0.000000000000000,0.000000000000000,0.000000000000000,0.000000000000000,0.000000000000000,0.000000000000000,0.000000000000000,0.000000000000000,0.000000000000000,0.000000000000000,0.000000000000000,0.000000000000000,2000000.000000000000000,0.000000000000000,0.000000000000000,0.000000000000000,0.000000000000000,0.000000000000000,0.000000000000000,0.000000000000000,0.000000000000000
14,52,0.000000000000000,0.000000000000000,0.000000000000000,0.000000000000000,0.000000000000000,0.000000000000000,0.000000000000000,0.000000000000000,0.000000000000000,0.000000000000000,0.000000000000000,0.000000000000000,0.000000000000000,0.000000000000000,0.000000000000000,9000000.000000000000000,0.000000000000000,0.000000000000000,0.000000000000000,0.000000000000000,0.000000000000000,0.000000000000000,0.000000000000000
15,61,0.000000000000000,0.000000000000000,0.000000000000000,0.000000000000000,0.000000000000000,0.000000000000000,0.000000000000000,0.000000000000000,0.000000000000000,0.000000000000000,0.000000000000000,0.000000000000000,0.000000000000000,0.000000000000000,0.000000000000000,0.000000000000000,0.000000000000000,65000000.000000000000000,0.000000000000000,0.000000000000000,0.000000000000000,0.000000000000000,0.000000000000000
16,62,0.000000000000000,0.000000000000000,0.000000000000000,0.000000000000000,0.000000000000000,0.000000000000000,0.000000000000000,0.000000000000000,0.000000000000000,0.000000000000000,0.000000000000000,0.000000000000000,0.000000000000000,0.000000000000000,0.000000000000000,0.000000000000000,0.000000000000000,0.000000000000000,116000000.000000000000000,0.000000000000000,0.000000000000000,0.000000000000000,0.000000000000000
17,64,0.000000000000000,0.000000000000000,0.000000000000000,0.000000000000000,0.000000000000000,0.000000000000000,0.000000000000000,0.000000000000000,0.000000000000000,0.000000000000000,0.000000000000000,0.000000000000000,0.000000000000000,0.000000000000000,0.000000000000000,0.000000000000000,0.000000000000000,0.000000000000000,0.000000000000000,247000000.000000000000000,0.000000000000000,0.000000000000000,0.000000000000000
18,65,0.000000000000000,0.000000000000000,0.000000000000000,0.000000000000000,0.000000000000000,0.000000000000000,0.000000000000000,0.000000000000000,0.000000000000000,0.000000000000000,0.000000000000000,0.000000000000000,0.000000000000000,0.000000000000000,0.000000000000000,0.000000000000000,0.000000000000000,0.000000000000000,0.000000000000000,0.000000000000000,125000000.000000000000000,0.000000000000000,0.000000000000000
19,66,0.000000000000000,0.000000000000000,0.000000000000000,0.000000000000000,0.000000000000000,0.000000000000000,0.000000000000000,0.000000000000000,0.000000000000000,0.000000000000000,0.000000000000000,0.000000000000000,0.000000000000000,0.000000000000000,0.000000000000000,0.000000000000000,0.000000000000000,0.000000000000000,0.000000000000000,0.000000000000000,0.000000000000000,5539000000.000000000000000,0.000000000000000
20,67,0.000000000000000,0.000000000000000,0.000000000000000,0.000000000000000,0.000000000000000,0.000000000000000,0.000000000000000,0.000000000000000,0.000000000000000,0.000000000000000,0.000000000000000,0.000000000000000,0.000000000000000,0.000000000000000,0.000000000000000,0.000000000000000,0.000000000000000,0.000000000000000,0.000000000000000,0.000000000000000,0.000000000000000,0.000000000000000,1815000000.000000000000000
21,111,129000000.000000000000000,0.000000000000000,0.000000000000000,0.000000000000000,0.000000000000000,0.000000000000000,0.000000000000000,0.000000000000000,0.000000000000000,0.000000000000000,0.000000000000000,0.000000000000000,0.000000000000000,0.000000000000000,0.000000000000000,0.000000000000000,0.000000000000000,0.000000000000000,0.000000000000000,0.000000000000000,0.000000000000000,0.000000000000000,0.000000000000000
22,121,0.000000000000000,944000000.000000000000000,0.000000000000000,1000000.000000000000000,0.000000000000000,0.000000000000000,5000000.000000000000000,1000000.000000000000000,0.000000000000000,0.000000000000000,0.000000000000000,0.000000000000000,0.000000000000000,0.000000000000000,1000000.000000000000000,0.000000000000000,2000000.000000000000000,0.000000000000000,0.000000000000000,0.000000000000000,0.000000000000000,0.000000000000000,0.000000000000000
23,123,0.000000000000000,33000000.000000000000000,0.000000000000000,0.000000000000000,0.000000000000000,0.000000000000000,0.000000000000000,0.000000000000000,0.000000000000000,0.000000000000000,0.000000000000000,0.000000000000000,0.000000000000000,0.000000000000000,0.000000000000000,0.000000000000000,0.000000000000000,0.000000000000000,0.000000000000000,0.000000000000000,0.000000000000000,0.000000000000000,0.000000000000000
24,124,0.000000000000000,374000000.000000000000000,0.000000000000000,0.000000000000000,3000000.000000000000000,0.000000000000000,2000000.000000000000000,0.000000000000000,0.000000000000000,0.000000000000000,0.000000000000000,0.000000000000000,0.000000000000000,0.000000000000000,0.000000000000000,0.000000000000000,0.000000000000000,0.000000000000000,0.000000000000000,0.000000000000000,0.000000000000000,0.000000000000000,0.000000000000000